#list of degrees at GW
degrees <- c('BA', 'BS', 'JD', 'PHD', 'MD', 'MS')
tuition <- c(500, 1000, 750)
mixed <- c(TRUE, 5, FALSE, 2)
discounted.tuition <- tuition * 0.9
high.tuition <- tuition > 600
height <- c(72, 81, 71, 60, 67, 60, 65, 68, 67, 69, 70, 71,
            73, 60, 68, 64, 59)
